<?xml version="1.0" encoding="UTF-8" standalone="no" ?>
<SimscapeMultibodyImportXML version="2.0" xmlns="urn:mathworks:SimscapeMultibody:import" xmlns:xsi="http://www.w3.org/2001/XMLSchema-instance">
<Created by="" on="12/17/25||18:03:09" using="Simscape Multibody Link Version 7.4" from="SolidWorks 33.1.2"/>
<ModelUnits mass="kilogram" length="millimeter"/>
<DataUnits mass="kilogram" length="meter"/>
<RootAssembly name="Assem1" uid="Assem1" version="3507">
<AssemblyFile name="Assem1.SLDASM" type="SolidWorks Assembly"/>
<InstanceTree>
<Instance name="tail-1" uid="tail-1" entityUid="tail*:*Default">
<Transform>
<Rotation>0.50198173782196431 0 0.86487821968947798 0 1 0 -0.86487821968947798 0 0.50198173782196431</Rotation>
<Translation>0.81294626520465196 0.85868457336729265 1.2232938222678504</Translation>
</Transform>
</Instance>
<Instance name="Arduino base-1" uid="Arduino base-1" grounded="true" entityUid="Arduino base*:*Default">
<Transform>
<Rotation>1 0 0 0 1 0 0 0 1</Rotation>
<Translation>0.78438399489782329 0.86668457336729265 1.3285120900378962</Translation>
</Transform>
</Instance>
<Instance name="base-1" uid="base-1" entityUid="base*:*Default">
<Transform>
<Rotation>-0.86487821968947287 0 0.5019817378219732 0 1 0 -0.5019817378219732 0 -0.86487821968947287</Rotation>
<Translation>0.75947953327614315 0.85868457336729265 1.2954920900378961</Translation>
</Transform>
</Instance>
<Instance name="rotating base Part-1" uid="rotating base Part-1" entityUid="rotating base Part*:*Default">
<Transform>
<Rotation>-0.8434316871559544 0 0.53723643687045297 1.1748205100469237e-16 1 0 -0.53723643687045342 0 -0.84343168715595429</Rotation>
<Translation>0.75947953327614326 0.93768457336729261 1.2954920900378963</Translation>
</Transform>
</Instance>
<Instance name="wrist-1" uid="wrist-1" entityUid="wrist*:*Default">
<Transform>
<Rotation>-0.82920919974244245 0.53229786812947311 -0.17050244176350143 0.11550072078162954 -0.13527964379042867 -0.9840523367559566 -0.5468744705701869 -0.83567840558479956 0.050694337729425096</Rotation>
<Translation>0.68808801649734863 1.1518110869606688 1.438492338668238</Translation>
</Transform>
</Instance>
<Instance name="tail-3" uid="tail-3" entityUid="tail*:*Default">
<Transform>
<Rotation>-0.86487821968947454 0 0.5019817378219702 0 1 0 -0.5019817378219702 1.6653345369377348e-16 -0.86487821968947454</Rotation>
<Translation>0.68728126550609847 0.85868457336729265 1.2420253581093867</Translation>
</Transform>
</Instance>
<Instance name="tail-2" uid="tail-2" entityUid="tail*:*Default">
<Transform>
<Rotation>0.86487821968947454 0 -0.5019817378219702 0 1 0 0.5019817378219702 0 0.86487821968947454</Rotation>
<Translation>0.83167780104618849 0.85868457336729254 1.3489588219664046</Translation>
</Transform>
</Instance>
<Instance name="tail-4" uid="tail-4" entityUid="tail*:*Default">
<Transform>
<Rotation>-0.50198173782197297 0 -0.86487821968947265 0 1.0000000000000002 0 0.86487821968947276 0 -0.50198173782197308</Rotation>
<Translation>0.70601280134731714 0.85868457336729287 1.3676903578081054</Translation>
</Transform>
</Instance>
<Instance name="elpow-2" uid="elpow-2" entityUid="elpow*:*Default">
<Transform>
<Rotation>-0.84343168715595429 0.1203442159262791 0.5235840513177894 -6.8087896432089678e-16 0.97458775202926917 -0.22400605704876803 -0.53723643687045297 -0.18893380662979564 -0.82199819197557522</Rotation>
<Translation>0.75185574245273179 1.0825359221409143 1.3232827344023868</Translation>
</Transform>
</Instance>
<Instance name="wrist roll-1" uid="wrist roll-1" entityUid="wrist roll*:*Default">
<Transform>
<Rotation>-0.80913813340765095 -0.53229786812947311 -0.24890652994728921 -0.37154504571282704 0.13527964379042862 0.91850623132463727 -0.45524692208935996 0.83567840558479967 -0.30723255421164475</Rotation>
<Translation>0.67744205913475919 1.1545166798364774 1.4552059067799339</Translation>
</Transform>
</Instance>
<Instance name="Assembly Gripper Ra-2" uid="Assembly Gripper Ra-2" entityUid="Assembly Gripper Ra" rigid="true">
<Transform>
<Rotation>0.80913813340765406 -0.54387605075686662 0.22247319496670065 0.37154504571281427 0.18021060561344454 -0.9107570568657144 0.45524692208936479 0.81958707837395151 0.34788972518689032</Rotation>
<Translation>0.65308751820646282 1.1826497930023103 1.4237908974111233</Translation>
</Transform>
<Instance name="Gear 2 Ra-1" uid="Gear 2 Ra-1" entityUid="Gear 2 Ra*:*Default">
<Transform>
<Rotation>-0.09200938177104788 -0.99575814014554231 -1.0534179279550209e-16 1.02695629777827e-14 -1.0547118733938991e-15 1 -0.99575814014554243 0.09200938177104788 1.0323044318281974e-14</Rotation>
<Translation>0.020524840442342596 0.057666889849085301 0.071511588629876166</Translation>
</Transform>
</Instance>
<Instance name="Gripper 1 Ra-2" uid="Gripper 1 Ra-2" entityUid="Gripper 1 Ra*:*Default">
<Transform>
<Rotation>-0.39518410320664832 0.9186019402182628 0 -9.5895513751997896e-15 -3.9968028886505635e-15 0.99999999999999989 0.91860194021826291 0.39518410320664821 1.0436096431476471e-14</Rotation>
<Translation>0.025639704582252287 0.053416889849085436 0.1049980851613489</Translation>
</Transform>
</Instance>
<Instance name="Gripper base Ra-1" uid="Gripper base Ra-1" grounded="true" entityUid="Gripper base Ra*:*Default">
<Transform>
<Rotation>1 -1.3988810110276972e-14 0 0 1.0436096431476471e-14 1 -1.3961054534661343e-14 -0.99999999999999978 1.0491607582707729e-14</Rotation>
<Translation>0.019555055292039158 0.051666889849085962 0.08157870342675011</Translation>
</Transform>
</Instance>
<Instance name="Gear 1 Ra-1" uid="Gear 1 Ra-1" entityUid="Gear 1 Ra*:*Default">
<Transform>
<Rotation>0.076182545251197498 0.9970938871535866 -1.0547118733938987e-15 -1.0325074129013956e-14 1.8873791418627661e-15 1 0.99709388715358638 -0.076182545251197498 1.0547118733938987e-14</Rotation>
<Translation>-0.0046747391754802248 0.057666889849085523 0.09165932262587273</Translation>
</Transform>
</Instance>
<Instance name="Gripper 1 Ra-1" uid="Gripper 1 Ra-1" entityUid="Gripper 1 Ra*:*Default">
<Transform>
<Rotation>0.39777720968817354 -0.91748203876298895 0 -9.4924068605450884e-15 -4.163336342344337e-15 -0.99999999999999989 0.91748203876298895 0.39777720968817348 -1.0365193112431787e-14</Rotation>
<Translation>-0.0005038072960983353 0.053416889849085436 0.10566304421446737</Translation>
</Transform>
</Instance>
<Instance name="Grip link 1 Ra-3" uid="Grip link 1 Ra-3" entityUid="Grip link 1 Ra*:*Default">
<Transform>
<Rotation>0.099797157406904979 0.99500780266965816 -1.2396169762738411e-16 -1.0380585280245215e-14 1.1657341758564152e-15 1 0.99500780266965827 -0.099797157406904966 1.0445100307164341e-14</Rotation>
<Translation>0.0041019112318425588 0.059666889849085303 0.11700132436813016</Translation>
</Transform>
</Instance>
<Instance name="Grip link 1 Ra-4" uid="Grip link 1 Ra-4" entityUid="Grip link 1 Ra*:*Default">
<Transform>
<Rotation>0.22605445821353157 0.97411466569484861 0 -1.0158540675320182e-14 2.4980018054066022e-15 1 0.9741146656948485 -0.22605445821353151 1.0491607582707729e-14</Rotation>
<Translation>0.016058899394361115 0.059666889849085525 0.11667748074501894</Translation>
</Transform>
</Instance>
<Instance name="Grip link 1 Ra-6" uid="Grip link 1 Ra-6" entityUid="Grip link 1 Ra*:*Default">
<Transform>
<Rotation>0.22605445821353032 0.97411466569484884 0 -1.0158540675320182e-14 2.4424906541753444e-15 1 0.97411466569484895 -0.22605445821353035 1.0547118733938987e-14</Rotation>
<Translation>0.016058899394360893 0.047166889849085347 0.11667748074501894</Translation>
</Transform>
</Instance>
<Instance name="Grip link 1 Ra-5" uid="Grip link 1 Ra-5" entityUid="Grip link 1 Ra*:*Default">
<Transform>
<Rotation>0.099797157406890352 0.99500780266965982 0 -1.0380585280245214e-14 1.0547118733938987e-15 1 0.99500780266965949 -0.099797157406890269 1.0491607582707729e-14</Rotation>
<Translation>0.0041019112318407824 0.047166889849085125 0.11700132436813004</Translation>
</Transform>
</Instance>
</Instance>
<Instance name="MG995 Assembly-1" uid="MG995 Assembly-1" entityUid="MG995 Assembly" rigid="true">
<Transform>
<Rotation>-0.53229786812947288 -0.84343168715595429 -0.072677153811074022 0.13527964379042851 0 -0.99080745756980193 0.83567840558479967 -0.53723643687045319 0.11409913820001763</Rotation>
<Translation>0.75928106268002082 1.1393315398210018 1.3754706496457181</Translation>
</Transform>
<Instance name="MG995-1" uid="MG995-1" grounded="true" entityUid="MG995*:*Default">
<Transform>
<Rotation>1 0 0 0 1 0 0 0 1</Rotation>
<Translation>0 0 0</Translation>
</Transform>
</Instance>
<Instance name="Shaft-1" uid="Shaft-1" entityUid="Shaft*:*Default">
<Transform>
<Rotation>-0.80184623923294795 0 0.59753042485548635 0 -1 1.0999479497603283e-16 0.59753042485548635 1.2136851446616171e-16 0.80184623923294795</Rotation>
<Translation>-0.010199999999999876 0.042380000000000084 0</Translation>
</Transform>
</Instance>
<Instance name="Wires-1" uid="Wires-1" entityUid="Wires*:*Default">
<Transform>
<Rotation>0 -2.2204460492503131e-16 -1 0 1 -2.2204460492503131e-16 1 0 0</Rotation>
<Translation>-0.019199999999999773 0 0</Translation>
</Transform>
</Instance>
<Instance name="pan head tapping screw_am-1" uid="pan head tapping screw_am-1" entityUid="pan head tapping screw_am*:*PHT 2x4x3.6-type I-D-N">
<Transform>
<Rotation>-2.2204460492503131e-16 -1 0 1 -2.2204460492503121e-16 0 0 0 1</Rotation>
<Translation>-0.017949999999999799 0 -0.0077499999999999236</Translation>
</Transform>
</Instance>
<Instance name="pan head tapping screw_am-3" uid="pan head tapping screw_am-3" entityUid="pan head tapping screw_am*:*PHT 2x4x3.6-type I-D-N">
<Transform>
<Rotation>-2.2204460492503131e-16 -1 0 1 -2.2204460492503121e-16 0 0 0 1</Rotation>
<Translation>0.017950000000000021 0 0.0077500000000001457</Translation>
</Transform>
</Instance>
<Instance name="Wire Boot-1" uid="Wire Boot-1" entityUid="Wire Boot*:*Default">
<Transform>
<Rotation>0 -2.2204460492503131e-16 -1 0 1 -2.2204460492503131e-16 1 0 0</Rotation>
<Translation>-0.019199999999999773 0 0</Translation>
</Transform>
<VisualProperties>
<Ambient r="0.29803921568627451" g="0.29803921568627451" b="0.29803921568627451" a="1"/>
<Diffuse r="0.29803921568627451" g="0.29803921568627451" b="0.29803921568627451" a="1"/>
<Specular r="0.14901960784313725" g="0.14901960784313725" b="0.14901960784313725" a="1"/>
<Emissive r="0" g="0" b="0" a="1"/>
<Shininess>0.3125</Shininess>
</VisualProperties>
</Instance>
<Instance name="pan head tapping screw_am-2" uid="pan head tapping screw_am-2" entityUid="pan head tapping screw_am*:*PHT 2x4x3.6-type I-D-N">
<Transform>
<Rotation>-2.2204460492503131e-16 -1 0 1 -2.2204460492503121e-16 0 0 0 1</Rotation>
<Translation>0.017950000000000021 0 -0.0077499999999999236</Translation>
</Transform>
</Instance>
<Instance name="pan head tapping screw_am-4" uid="pan head tapping screw_am-4" entityUid="pan head tapping screw_am*:*PHT 2x4x3.6-type I-D-N">
<Transform>
<Rotation>-2.2204460492503131e-16 -1 0 1 -2.2204460492503121e-16 0 0 0 1</Rotation>
<Translation>-0.017949999999999799 0 0.0077499999999999236</Translation>
</Transform>
</Instance>
</Instance>
<Instance name="[4145] TowerPro SG90 Mini Servo-SunRobotics_in-Pt1-1" uid="[4145] TowerPro SG90 Mini Servo-SunRobotics_in-Pt1-1" entityUid="[4145] TowerPro SG90 Mini Servo-SunRobotics_in-Pt1*:*Peça">
<Transform>
<Rotation>0.53229786812947288 -0.80913813340765095 -0.24890652994728915 -0.13527964379042842 -0.37154504571282693 0.91850623132463738 -0.83567840558479967 -0.45524692208936007 -0.30723255421164453</Rotation>
<Translation>0.66002681691327636 1.1570090788992418 1.4767662899126217</Translation>
</Transform>
</Instance>
<Instance name="[4145] TowerPro SG90 Mini Servo-SunRobotics_in-Pt1-3" uid="[4145] TowerPro SG90 Mini Servo-SunRobotics_in-Pt1-3" entityUid="[4145] TowerPro SG90 Mini Servo-SunRobotics_in-Pt1*:*Peça">
<Transform>
<Rotation>-0.17050244176350143 -0.53229786812947311 -0.82920919974244223 -0.9840523367559566 0.13527964379042867 0.11550072078162947 0.050694337729425075 0.83567840558479956 -0.54687447057018701</Rotation>
<Translation>0.68536705520941577 1.1468519859152091 1.4415706801844588</Translation>
</Transform>
</Instance>
<Instance name="[4145] TowerPro SG90 Mini Servo-SunRobotics_in-Pt1-2" uid="[4145] TowerPro SG90 Mini Servo-SunRobotics_in-Pt1-2" entityUid="[4145] TowerPro SG90 Mini Servo-SunRobotics_in-Pt1*:*Peça">
<Transform>
<Rotation>-0.80913813340765106 -0.54387605075686407 -0.22247319496671758 -0.37154504571282687 0.18021060561343502 0.91075705686571107 -0.4552469220893598 0.81958707837395517 -0.34788972518688799</Rotation>
<Translation>0.66488136809816634 1.1209186784645748 1.4891358562331891</Translation>
</Transform>
</Instance>
<Instance name="MG995 Assembly-3" uid="MG995 Assembly-3" entityUid="MG995 Assembly" rigid="true">
<Transform>
<Rotation>0.5019817378219732 0 0.86487821968947287 0 1 0 -0.86487821968947287 0 0.5019817378219732</Rotation>
<Translation>0.76450939028911902 0.89848457336729259 1.2868260102766071</Translation>
</Transform>
<Instance name="MG995-1" uid="MG995-1" grounded="true" entityUid="MG995*:*Default">
<Transform>
<Rotation>1 0 0 0 1 0 0 0 1</Rotation>
<Translation>0 0 0</Translation>
</Transform>
</Instance>
<Instance name="Shaft-1" uid="Shaft-1" entityUid="Shaft*:*Default">
<Transform>
<Rotation>-0.80184623923294807 0 0.59753042485548624 -1.485699905291496e-16 -1 0 0.59753042485548624 -1.3383344106860205e-16 0.80184623923294807</Rotation>
<Translation>-0.010199999999999876 0.042379999999999973 0</Translation>
</Transform>
</Instance>
<Instance name="Wires-1" uid="Wires-1" entityUid="Wires*:*Default">
<Transform>
<Rotation>0 0 -1 0 1 0 1 0 0</Rotation>
<Translation>-0.019199999999999773 0 0</Translation>
</Transform>
</Instance>
<Instance name="pan head tapping screw_am-1" uid="pan head tapping screw_am-1" entityUid="pan head tapping screw_am*:*PHT 2x4x3.6-type I-D-N">
<Transform>
<Rotation>0 -1 0 1 0 0 0 0 1</Rotation>
<Translation>-0.01794999999999991 0 -0.0077499999999999236</Translation>
</Transform>
</Instance>
<Instance name="pan head tapping screw_am-3" uid="pan head tapping screw_am-3" entityUid="pan head tapping screw_am*:*PHT 2x4x3.6-type I-D-N">
<Transform>
<Rotation>0 -1 0 1 0 0 0 0 1</Rotation>
<Translation>0.017950000000000133 0 0.0077499999999999236</Translation>
</Transform>
</Instance>
<Instance name="Wire Boot-1" uid="Wire Boot-1" entityUid="Wire Boot*:*Default">
<Transform>
<Rotation>0 0 -1 0 1 0 1 0 0</Rotation>
<Translation>-0.019199999999999773 0 0</Translation>
</Transform>
<VisualProperties>
<Ambient r="0.29803921568627451" g="0.29803921568627451" b="0.29803921568627451" a="1"/>
<Diffuse r="0.29803921568627451" g="0.29803921568627451" b="0.29803921568627451" a="1"/>
<Specular r="0.14901960784313725" g="0.14901960784313725" b="0.14901960784313725" a="1"/>
<Emissive r="0" g="0" b="0" a="1"/>
<Shininess>0.3125</Shininess>
</VisualProperties>
</Instance>
<Instance name="pan head tapping screw_am-2" uid="pan head tapping screw_am-2" entityUid="pan head tapping screw_am*:*PHT 2x4x3.6-type I-D-N">
<Transform>
<Rotation>0 -1 0 1 0 0 0 0 1</Rotation>
<Translation>0.017950000000000133 0 -0.0077500000000001457</Translation>
</Transform>
</Instance>
<Instance name="pan head tapping screw_am-4" uid="pan head tapping screw_am-4" entityUid="pan head tapping screw_am*:*PHT 2x4x3.6-type I-D-N">
<Transform>
<Rotation>0 -1 0 1 0 0 0 0 1</Rotation>
<Translation>-0.01794999999999991 0 0.0077499999999999236</Translation>
</Transform>
</Instance>
</Instance>
<Instance name="MG995 Assembly-2" uid="MG995 Assembly-2" entityUid="MG995 Assembly" rigid="true">
<Transform>
<Rotation>0.24025943856642207 -0.84343168715595418 0.48051887713284303 -0.89442719099991541 1.174820510046342e-16 0.44721359549995876 -0.37719411737161079 -0.53723643687045342 -0.75438823474321937</Rotation>
<Translation>0.79357879445784429 1.0084873729113726 1.321625095260943</Translation>
</Transform>
<Instance name="MG995-1" uid="MG995-1" grounded="true" entityUid="MG995*:*Default">
<Transform>
<Rotation>1 0 0 0 1 0 0 0 1</Rotation>
<Translation>0 0 0</Translation>
</Transform>
</Instance>
<Instance name="Shaft-1" uid="Shaft-1" entityUid="Shaft*:*Default">
<Transform>
<Rotation>-0.80184623923294818 0 0.59753042485548613 -1.3877787807814459e-16 -1 0 0.59753042485548613 -1.5010253874616222e-16 0.80184623923294818</Rotation>
<Translation>-0.010199999999999987 0.042380000000000084 0</Translation>
</Transform>
</Instance>
<Instance name="Wires-1" uid="Wires-1" entityUid="Wires*:*Default">
<Transform>
<Rotation>0 0 -1 0 1 0 0.99999999999999967 0 0</Rotation>
<Translation>-0.019199999999999884 0 0</Translation>
</Transform>
</Instance>
<Instance name="pan head tapping screw_am-1" uid="pan head tapping screw_am-1" entityUid="pan head tapping screw_am*:*PHT 2x4x3.6-type I-D-N">
<Transform>
<Rotation>0 -1 0 1 0 0 0 0 0.99999999999999967</Rotation>
<Translation>-0.017950000000000133 0 -0.0077500000000002567</Translation>
</Transform>
</Instance>
<Instance name="pan head tapping screw_am-3" uid="pan head tapping screw_am-3" entityUid="pan head tapping screw_am*:*PHT 2x4x3.6-type I-D-N">
<Transform>
<Rotation>0 -1 0 1 0 0 0 0 0.99999999999999967</Rotation>
<Translation>0.01794999999999991 0 0.0077500000000000346</Translation>
</Transform>
</Instance>
<Instance name="Wire Boot-1" uid="Wire Boot-1" entityUid="Wire Boot*:*Default">
<Transform>
<Rotation>0 0 -1 0 1 0 0.99999999999999967 0 0</Rotation>
<Translation>-0.019199999999999884 0 0</Translation>
</Transform>
<VisualProperties>
<Ambient r="0.29803921568627451" g="0.29803921568627451" b="0.29803921568627451" a="1"/>
<Diffuse r="0.29803921568627451" g="0.29803921568627451" b="0.29803921568627451" a="1"/>
<Specular r="0.14901960784313725" g="0.14901960784313725" b="0.14901960784313725" a="1"/>
<Emissive r="0" g="0" b="0" a="1"/>
<Shininess>0.3125</Shininess>
</VisualProperties>
</Instance>
<Instance name="pan head tapping screw_am-2" uid="pan head tapping screw_am-2" entityUid="pan head tapping screw_am*:*PHT 2x4x3.6-type I-D-N">
<Transform>
<Rotation>0 -1 0 1 0 0 0 0 0.99999999999999967</Rotation>
<Translation>0.01794999999999991 0 -0.0077500000000000346</Translation>
</Transform>
</Instance>
<Instance name="pan head tapping screw_am-4" uid="pan head tapping screw_am-4" entityUid="pan head tapping screw_am*:*PHT 2x4x3.6-type I-D-N">
<Transform>
<Rotation>0 -1 0 1 0 0 0 0 0.99999999999999967</Rotation>
<Translation>-0.017950000000000133 0 0.0077499999999999236</Translation>
</Transform>
</Instance>
</Instance>
</InstanceTree>
<Constraints>
<Concentric name="Concentric1">
<ConstraintGeometry geomType="cylinder">
<InstancePath>
<Uid>Arduino base-1</Uid>
</InstancePath>
<Position>-0.024904461621680141 -0.0080000000000000071 -0.033020000000000049</Position>
<Axis>0 1 0</Axis>
</ConstraintGeometry>
<ConstraintGeometry geomType="cylinder">
<InstancePath>
<Uid>base-1</Uid>
</InstancePath>
<Position>0 0.0030000000000000027 0</Position>
<Axis>0 -1 0</Axis>
</ConstraintGeometry>
</Concentric>
<Coincident name="Coincident1">
<ConstraintGeometry geomType="plane">
<InstancePath>
<Uid>Arduino base-1</Uid>
</InstancePath>
<Position>-0.024904461621680141 -0.0050000000000000044 -0.033020000000000049</Position>
<Axis>0 1 0</Axis>
</ConstraintGeometry>
<ConstraintGeometry geomType="plane">
<InstancePath>
<Uid>base-1</Uid>
</InstancePath>
<Position>0 0.0030000000000000027 0</Position>
<Axis>0 -1 0</Axis>
</ConstraintGeometry>
</Coincident>
<Concentric name="Concentric2">
<ConstraintGeometry geomType="cylinder">
<InstancePath>
<Uid>Arduino base-1</Uid>
</InstancePath>
<Position>-0.066132788052460145 -0.0080000000000001181 -0.029850777692872699</Position>
<Axis>0 1 0</Axis>
</ConstraintGeometry>
<ConstraintGeometry geomType="cylinder">
<InstancePath>
<Uid>base-1</Uid>
</InstancePath>
<Position>0.034066589842953521 -1.1102230246251565e-16 -0.023436858296002949</Position>
<Axis>0 1 0</Axis>
</ConstraintGeometry>
</Concentric>
<Parallel name="Parallel1">
<ConstraintGeometry geomType="plane">
<InstancePath>
<Uid>base-1</Uid>
</InstancePath>
<Position>0 0 0</Position>
<Axis>0 -1 0</Axis>
</ConstraintGeometry>
<ConstraintGeometry geomType="plane">
<InstancePath>
<Uid>tail-1</Uid>
</InstancePath>
<Position>0.0099999999999997868 0.0040000000000000036 -0.020000000000000018</Position>
<Axis>0 1 0</Axis>
</ConstraintGeometry>
</Parallel>
<Parallel name="Parallel2">
<ConstraintGeometry geomType="plane">
<InstancePath>
<Uid>base-1</Uid>
</InstancePath>
<Position>-0.0099999999999991207 0.020000000000000018 0.094282032302755447</Position>
<Axis>-1.0000000000000004 0 1.0380585280245214e-14</Axis>
</ConstraintGeometry>
<ConstraintGeometry geomType="plane">
<InstancePath>
<Uid>tail-1</Uid>
</InstancePath>
<Position>0 0 0</Position>
<Axis>0 0 -1.0000000000000002</Axis>
</ConstraintGeometry>
</Parallel>
<Coincident name="Coincident4">
<ConstraintGeometry geomType="plane">
<InstancePath>
<Uid>base-1</Uid>
</InstancePath>
<Position>0 0.0040000000000000036 0</Position>
<Axis>0 -1 0</Axis>
</ConstraintGeometry>
<ConstraintGeometry geomType="plane">
<InstancePath>
<Uid>tail-1</Uid>
</InstancePath>
<Position>0.0099999999999997868 0.0040000000000000036 -0.020000000000000018</Position>
<Axis>0 1 0</Axis>
</ConstraintGeometry>
</Coincident>
<Coincident name="Coincident6">
<ConstraintGeometry geomType="plane">
<InstancePath>
<Uid>base-1</Uid>
</InstancePath>
<Position>0.010000000000000453 0.010000000000000009 0.09928203230275523</Position>
<Axis>0 0 -1</Axis>
</ConstraintGeometry>
<ConstraintGeometry geomType="plane">
<InstancePath>
<Uid>tail-1</Uid>
</InstancePath>
<Position>0.0099999999999997868 0.010000000000000009 -0.020000000000000018</Position>
<Axis>1.0000000000000002 0 0</Axis>
</ConstraintGeometry>
</Coincident>
<Coincident name="Coincident7">
<ConstraintGeometry geomType="plane">
<InstancePath>
<Uid>base-1</Uid>
</InstancePath>
<Position>0.010000000000000897 0.020000000000000018 0.094282032302755114</Position>
<Axis>1.0000000000000004 0 -1.0380585280245214e-14</Axis>
</ConstraintGeometry>
<ConstraintGeometry geomType="plane">
<InstancePath>
<Uid>tail-1</Uid>
</InstancePath>
<Position>-2.2204460492503131e-16 0 -0.020000000000000018</Position>
<Axis>0 0 1.0000000000000002</Axis>
</ConstraintGeometry>
</Coincident>
<Parallel name="Parallel6">
<ConstraintGeometry geomType="plane">
<InstancePath>
<Uid>base-1</Uid>
</InstancePath>
<Position>-0.099282032302755008 0.010000000000000009 0.010000000000000675</Position>
<Axis>1 0 -3.4416913763379853e-15</Axis>
</ConstraintGeometry>
<ConstraintGeometry geomType="plane">
<InstancePath>
<Uid>tail-2</Uid>
</InstancePath>
<Position>0.010000000000000009 0.010000000000000009 -0.019999999999999796</Position>
<Axis>1.0000000000000002 0 0</Axis>
</ConstraintGeometry>
</Parallel>
<Coincident name="Coincident15">
<ConstraintGeometry geomType="plane">
<InstancePath>
<Uid>base-1</Uid>
</InstancePath>
<Position>-0.099282032302755008 0.010000000000000009 0.010000000000000675</Position>
<Axis>1 0 -3.4416913763379853e-15</Axis>
</ConstraintGeometry>
<ConstraintGeometry geomType="plane">
<InstancePath>
<Uid>tail-2</Uid>
</InstancePath>
<Position>0.010000000000000009 0.010000000000000009 -0.019999999999999796</Position>
<Axis>1.0000000000000002 0 0</Axis>
</ConstraintGeometry>
</Coincident>
<Coincident name="Coincident16">
<ConstraintGeometry geomType="plane">
<InstancePath>
<Uid>base-1</Uid>
</InstancePath>
<Position>0 0.0040000000000000036 0</Position>
<Axis>0 -1 0</Axis>
</ConstraintGeometry>
<ConstraintGeometry geomType="plane">
<InstancePath>
<Uid>tail-2</Uid>
</InstancePath>
<Position>0.010000000000000009 0.0040000000000000036 -0.019999999999999796</Position>
<Axis>0 1 0</Axis>
</ConstraintGeometry>
</Coincident>
<Coincident name="Coincident17">
<ConstraintGeometry geomType="plane">
<InstancePath>
<Uid>base-1</Uid>
</InstancePath>
<Position>-0.094282032302755114 0.020000000000000018 -0.0099999999999992317</Position>
<Axis>-6.8833827526759706e-15 0 -1</Axis>
</ConstraintGeometry>
<ConstraintGeometry geomType="plane">
<InstancePath>
<Uid>tail-2</Uid>
</InstancePath>
<Position>0 0 0</Position>
<Axis>0 0 -1.0000000000000002</Axis>
</ConstraintGeometry>
</Coincident>
<Parallel name="Parallel7">
<ConstraintGeometry geomType="plane">
<InstancePath>
<Uid>base-1</Uid>
</InstancePath>
<Position>0.10928203230275524 0 -2.2204460492503131e-16</Position>
<Axis>1 0 -3.4416913763379853e-15</Axis>
</ConstraintGeometry>
<ConstraintGeometry geomType="plane">
<InstancePath>
<Uid>tail-3</Uid>
</InstancePath>
<Position>0.020000000000000018 0.0040000000000000036 -0.020000000000000018</Position>
<Axis>-1.0000000000000002 0 0</Axis>
</ConstraintGeometry>
</Parallel>
<Coincident name="Coincident19">
<ConstraintGeometry geomType="plane">
<InstancePath>
<Uid>base-1</Uid>
</InstancePath>
<Position>0.10928203230275524 0 -2.2204460492503131e-16</Position>
<Axis>1 0 -3.4416913763379853e-15</Axis>
</ConstraintGeometry>
<ConstraintGeometry geomType="plane">
<InstancePath>
<Uid>tail-3</Uid>
</InstancePath>
<Position>0.020000000000000018 0.0040000000000000036 -0.020000000000000018</Position>
<Axis>-1.0000000000000002 0 0</Axis>
</ConstraintGeometry>
</Coincident>
<Coincident name="Coincident20">
<ConstraintGeometry geomType="plane">
<InstancePath>
<Uid>base-1</Uid>
</InstancePath>
<Position>0 0.0040000000000000036 0</Position>
<Axis>0 -1 0</Axis>
</ConstraintGeometry>
<ConstraintGeometry geomType="plane">
<InstancePath>
<Uid>tail-3</Uid>
</InstancePath>
<Position>0.010000000000000009 0.0040000000000000036 -0.019999999999999796</Position>
<Axis>0 1 -1.7189674111297537e-16</Axis>
</ConstraintGeometry>
</Coincident>
<Coincident name="Coincident21">
<ConstraintGeometry geomType="plane">
<InstancePath>
<Uid>base-1</Uid>
</InstancePath>
<Position>0.094282032302755114 0.020000000000000018 0.01000000000000012</Position>
<Axis>-1.1102230246251565e-16 0 1</Axis>
</ConstraintGeometry>
<ConstraintGeometry geomType="plane">
<InstancePath>
<Uid>tail-3</Uid>
</InstancePath>
<Position>0 0 0</Position>
<Axis>0 1.7189674111297537e-16 -1.0000000000000002</Axis>
</ConstraintGeometry>
</Coincident>
<Coincident name="Coincident22">
<ConstraintGeometry geomType="plane">
<InstancePath>
<Uid>base-1</Uid>
</InstancePath>
<Position>0 0 -0.10928203230275502</Position>
<Axis>0 0 -1</Axis>
</ConstraintGeometry>
<ConstraintGeometry geomType="plane">
<InstancePath>
<Uid>tail-4</Uid>
</InstancePath>
<Position>0.020000000000000018 0.0040000000000000036 -0.020000000000000018</Position>
<Axis>-1.0000000000000002 0 1.6653345369377348e-16</Axis>
</ConstraintGeometry>
</Coincident>
<Coincident name="Coincident23">
<ConstraintGeometry geomType="plane">
<InstancePath>
<Uid>base-1</Uid>
</InstancePath>
<Position>0 0.0040000000000000036 0</Position>
<Axis>0 -1 0</Axis>
</ConstraintGeometry>
<ConstraintGeometry geomType="plane">
<InstancePath>
<Uid>tail-4</Uid>
</InstancePath>
<Position>0.0099999999999998979 0.0040000000000000036 -0.020000000000000018</Position>
<Axis>0 1.0000000000000002 0</Axis>
</ConstraintGeometry>
</Coincident>
<Coincident name="Coincident24">
<ConstraintGeometry geomType="plane">
<InstancePath>
<Uid>base-1</Uid>
</InstancePath>
<Position>-0.010000000000000453 0.020000000000000018 -0.094282032302755225</Position>
<Axis>-1 0 3.3306690738754696e-15</Axis>
</ConstraintGeometry>
<ConstraintGeometry geomType="plane">
<InstancePath>
<Uid>tail-4</Uid>
</InstancePath>
<Position>0 0 -0.020000000000000018</Position>
<Axis>-1.1102230246251565e-16 0 1</Axis>
</ConstraintGeometry>
</Coincident>
<Concentric name="Concentric3">
<ConstraintGeometry geomType="circle">
<InstancePath>
<Uid>base-1</Uid>
</InstancePath>
<Position>0 0.078999999999999959 0</Position>
<Axis>0 1 0</Axis>
</ConstraintGeometry>
<ConstraintGeometry geomType="circle">
<InstancePath>
<Uid>rotating base Part-1</Uid>
</InstancePath>
<Position>0 -0.0024999999999999467 0</Position>
<Axis>0 -1 0</Axis>
</ConstraintGeometry>
</Concentric>
<Coincident name="Coincident25">
<ConstraintGeometry geomType="plane">
<InstancePath>
<Uid>base-1</Uid>
</InstancePath>
<Position>0 0.078999999999999959 0</Position>
<Axis>0 1 0</Axis>
</ConstraintGeometry>
<ConstraintGeometry geomType="plane">
<InstancePath>
<Uid>rotating base Part-1</Uid>
</InstancePath>
<Position>0 0 0</Position>
<Axis>0 -1 0</Axis>
</ConstraintGeometry>
</Coincident>
<Parallel name="Parallel10">
<ConstraintGeometry geomType="plane">
<InstancePath>
<Uid>rotating base Part-1</Uid>
</InstancePath>
<Position>-0.0035000000000000586 0.10649999999999993 -0.037500000000000089</Position>
<Axis>1.0000000000000002 0 1.6653345369377348e-16</Axis>
</ConstraintGeometry>
<ConstraintGeometry geomType="plane">
<InstancePath>
<Uid>elpow-2</Uid>
</InstancePath>
<Position>0.0050000000000001155 0.14507516927936992 0.21002342735509949</Position>
<Axis>-1 1.3877787807814457e-16 1.1102230246251565e-16</Axis>
</ConstraintGeometry>
</Parallel>
<Coincident name="Coincident39">
<ConstraintGeometry geomType="point">
<InstancePath>
<Uid>rotating base Part-1</Uid>
</InstancePath>
<Position>-0.0035000000000000586 0.079925956892279326 -0.0082836177826570712</Position>
</ConstraintGeometry>
<ConstraintGeometry geomType="point">
<InstancePath>
<Uid>elpow-2</Uid>
</InstancePath>
<Position>0.0050000000000001155 -0.058963000923327735 0.033306123311312663</Position>
</ConstraintGeometry>
</Coincident>
<Coincident name="Coincident40">
<ConstraintGeometry geomType="plane">
<InstancePath>
<Uid>elpow-2</Uid>
</InstancePath>
<Position>0.0050000000000001155 0.14507516927936992 0.21002342735509949</Position>
<Axis>-1 1.3877787807814457e-16 1.1102230246251565e-16</Axis>
</ConstraintGeometry>
<ConstraintGeometry geomType="plane">
<InstancePath>
<Uid>wrist-1</Uid>
</InstancePath>
<Position>0.014782276062817123 0.050000000000000044 -0.013471611425611485</Position>
<Axis>0.9931822063285497 0 0.11657231674953605</Axis>
</ConstraintGeometry>
</Coincident>
<Coincident name="Coincident41">
<ConstraintGeometry geomType="point">
<InstancePath>
<Uid>elpow-2</Uid>
</InstancePath>
<Position>0.0050000000000001155 0.047304917090577936 -0.041574645922114573</Position>
</ConstraintGeometry>
<ConstraintGeometry geomType="point">
<InstancePath>
<Uid>wrist-1</Uid>
</InstancePath>
<Position>0.013021687985321329 0.10245000000000015 0.0015283885743884174</Position>
</ConstraintGeometry>
</Coincident>
<Coincident name="Coincident42">
<ConstraintGeometry geomType="plane">
<InstancePath>
<Uid>wrist-1</Uid>
</InstancePath>
<Position>2.2204460492503131e-16 -0.019999999999999685 -2.2204460492503131e-16</Position>
<Axis>0 -1 0</Axis>
</ConstraintGeometry>
<ConstraintGeometry geomType="plane">
<InstancePath>
<Uid>wrist roll-1</Uid>
</InstancePath>
<Position>0 0 0</Position>
<Axis>-2.2204460492503131e-16 -1 0</Axis>
</ConstraintGeometry>
</Coincident>
<Coincident name="Coincident43">
<ConstraintGeometry geomType="point">
<InstancePath>
<Uid>wrist-1</Uid>
</InstancePath>
<Position>2.2204460492503131e-16 -0.019999999999999685 -2.2204460492503131e-16</Position>
</ConstraintGeometry>
<ConstraintGeometry geomType="point">
<InstancePath>
<Uid>wrist roll-1</Uid>
</InstancePath>
<Position>0 0 0</Position>
</ConstraintGeometry>
</Coincident>
<Coincident name="Coincident46">
<ConstraintGeometry geomType="point">
<InstancePath>
<Uid>wrist roll-1</Uid>
</InstancePath>
<Position>0.020000000000000018 0.032774813764969934 0</Position>
</ConstraintGeometry>
<ConstraintGeometry geomType="point">
<InstancePath>
<Uid>Assembly Gripper Ra-2</Uid>
</InstancePath>
<Position>0.0035550552920387002 0.04016688984908634 0.043578703426750187</Position>
</ConstraintGeometry>
</Coincident>
<Coincident name="Coincident47">
<ConstraintGeometry geomType="plane">
<InstancePath>
<Uid>wrist roll-1</Uid>
</InstancePath>
<Position>0.020000000000000018 2.2204460492503131e-16 -2.2204460492503131e-16</Position>
<Axis>1 2.2204460492503131e-16 0</Axis>
</ConstraintGeometry>
<ConstraintGeometry geomType="plane">
<InstancePath>
<Uid>Assembly Gripper Ra-2</Uid>
<Uid>Gripper base Ra-1</Uid>
</InstancePath>
<Position>-0.016000000000000014 0.014999999999999902 0.0024999999999999467</Position>
<Axis>1.0000000000000002 0 0</Axis>
</ConstraintGeometry>
</Coincident>
<Parallel name="Parallel15">
<ConstraintGeometry geomType="line">
<InstancePath>
<Uid>wrist roll-1</Uid>
</InstancePath>
<Position>0.011000000000000121 0.03877481376496994 0.0059999999999999498</Position>
<Axis>0 0 -1</Axis>
</ConstraintGeometry>
<ConstraintGeometry geomType="line">
<InstancePath>
<Uid>[4145] TowerPro SG90 Mini Servo-SunRobotics_in-Pt1-1</Uid>
</InstancePath>
<Position>-0.011249999999999982 0.0076500000000001567 -0.0052500000000000324</Position>
<Axis>0 0 1.0000000000000002</Axis>
</ConstraintGeometry>
</Parallel>
<Concentric name="Concentric7">
<ConstraintGeometry geomType="circle">
<InstancePath>
<Uid>Assembly Gripper Ra-2</Uid>
<Uid>Gripper base Ra-1</Uid>
</InstancePath>
<Position>-0.020999999999999908 0.038000000000000034 -0.011500000000000066</Position>
<Axis>1.0000000000000002 0 0</Axis>
</ConstraintGeometry>
<ConstraintGeometry geomType="circle">
<InstancePath>
<Uid>[4145] TowerPro SG90 Mini Servo-SunRobotics_in-Pt1-1</Uid>
</InstancePath>
<Position>-0.0051499999999997659 0.019300000000000317 0</Position>
<Axis>0 1 0</Axis>
</ConstraintGeometry>
</Concentric>
<Coincident name="Coincident60">
<ConstraintGeometry geomType="plane">
<InstancePath>
<Uid>wrist roll-1</Uid>
</InstancePath>
<Position>0.010999999999999899 2.2204460492503131e-16 -1.6653345369377348e-16</Position>
<Axis>-1 -2.2204460492503131e-16 0</Axis>
</ConstraintGeometry>
<ConstraintGeometry geomType="plane">
<InstancePath>
<Uid>[4145] TowerPro SG90 Mini Servo-SunRobotics_in-Pt1-1</Uid>
</InstancePath>
<Position>-0.015200000000000102 0.0076500000000003787 0.0052499999999999214</Position>
<Axis>0 1 0</Axis>
</ConstraintGeometry>
</Coincident>
<Concentric name="Concentric8">
<ConstraintGeometry geomType="circle">
<InstancePath>
<Uid>Assembly Gripper Ra-2</Uid>
<Uid>Gripper base Ra-1</Uid>
</InstancePath>
<Position>0.010699999999999932 1.1102230246251565e-16 -0.0080000000000000071</Position>
<Axis>0 0 -1</Axis>
</ConstraintGeometry>
<ConstraintGeometry geomType="circle">
<InstancePath>
<Uid>[4145] TowerPro SG90 Mini Servo-SunRobotics_in-Pt1-2</Uid>
</InstancePath>
<Position>-0.013900000000000023 0.0076500000000001567 2.2204460492503131e-16</Position>
<Axis>0 1 0</Axis>
</ConstraintGeometry>
</Concentric>
<Parallel name="Parallel16">
<ConstraintGeometry geomType="plane">
<InstancePath>
<Uid>Assembly Gripper Ra-2</Uid>
<Uid>Gripper base Ra-1</Uid>
</InstancePath>
<Position>-0.014599999999999946 1.1102230246251565e-16 -0.0080000000000000071</Position>
<Axis>1.0000000000000002 0 0</Axis>
</ConstraintGeometry>
<ConstraintGeometry geomType="plane">
<InstancePath>
<Uid>[4145] TowerPro SG90 Mini Servo-SunRobotics_in-Pt1-2</Uid>
</InstancePath>
<Position>0.011249999999999982 0.060044726019240713 0.005250000000000199</Position>
<Axis>1.0000000000000002 0 0</Axis>
</ConstraintGeometry>
</Parallel>
<Coincident name="Coincident62">
<ConstraintGeometry geomType="plane">
<InstancePath>
<Uid>Assembly Gripper Ra-2</Uid>
<Uid>Gripper base Ra-1</Uid>
</InstancePath>
<Position>0 0 -0.0080000000000000071</Position>
<Axis>0 0 -1</Axis>
</ConstraintGeometry>
<ConstraintGeometry geomType="plane">
<InstancePath>
<Uid>[4145] TowerPro SG90 Mini Servo-SunRobotics_in-Pt1-2</Uid>
</InstancePath>
<Position>-0.015200000000000102 0.0076499999999999346 0.005250000000000199</Position>
<Axis>0 1 0</Axis>
</ConstraintGeometry>
</Coincident>
<Concentric name="Concentric11">
<ConstraintGeometry geomType="circle">
<InstancePath>
<Uid>wrist-1</Uid>
</InstancePath>
<Position>0 -0.01100000000000001 -0.0084000000000001851</Position>
<Axis>0 1 0</Axis>
</ConstraintGeometry>
<ConstraintGeometry geomType="circle">
<InstancePath>
<Uid>[4145] TowerPro SG90 Mini Servo-SunRobotics_in-Pt1-3</Uid>
</InstancePath>
<Position>-0.013899999999999801 0.0076500000000001567 0</Position>
<Axis>0 1 -2.2204460492503131e-16</Axis>
</ConstraintGeometry>
</Concentric>
<Parallel name="Parallel17">
<ConstraintGeometry geomType="plane">
<InstancePath>
<Uid>wrist-1</Uid>
</InstancePath>
<Position>-0.0059999999999997833 -0.029999999999999916 0.016499999999999959</Position>
<Axis>0 0 -1</Axis>
</ConstraintGeometry>
<ConstraintGeometry geomType="plane">
<InstancePath>
<Uid>[4145] TowerPro SG90 Mini Servo-SunRobotics_in-Pt1-3</Uid>
</InstancePath>
<Position>0.011250000000000204 0.060044726019240713 0.0052499999999999769</Position>
<Axis>1 0 0</Axis>
</ConstraintGeometry>
</Parallel>
<Coincident name="Coincident64">
<ConstraintGeometry geomType="plane">
<InstancePath>
<Uid>wrist-1</Uid>
</InstancePath>
<Position>0 -0.010999999999999788 0</Position>
<Axis>0 1 0</Axis>
</ConstraintGeometry>
<ConstraintGeometry geomType="plane">
<InstancePath>
<Uid>[4145] TowerPro SG90 Mini Servo-SunRobotics_in-Pt1-3</Uid>
</InstancePath>
<Position>-0.01519999999999988 0.0076500000000001567 0.0052499999999999769</Position>
<Axis>0 1 -2.2204460492503131e-16</Axis>
</ConstraintGeometry>
</Coincident>
<Concentric name="Concentric15">
<ConstraintGeometry geomType="circle">
<InstancePath>
<Uid>wrist-1</Uid>
</InstancePath>
<Position>0.013021687985321329 0.10245000000000015 0.0015283885743884174</Position>
<Axis>0.99318220632854981 0 0.11657231674953608</Axis>
</ConstraintGeometry>
<ConstraintGeometry geomType="circle">
<InstancePath>
<Uid>MG995 Assembly-1</Uid>
<Uid>MG995-1</Uid>
</InstancePath>
<Position>-0.010199999999999987 0.039200000000000124 0</Position>
<Axis>-2.2204460492503131e-16 1 0</Axis>
</ConstraintGeometry>
</Concentric>
<Coincident name="Coincident71">
<ConstraintGeometry geomType="plane">
<InstancePath>
<Uid>wrist-1</Uid>
</InstancePath>
<Position>0.0040830481283644637 2.2204460492503131e-16 0.00047923772364266704</Position>
<Axis>-0.99318220632854981 0 -0.11657231674953608</Axis>
</ConstraintGeometry>
<ConstraintGeometry geomType="plane">
<InstancePath>
<Uid>MG995 Assembly-1</Uid>
<Uid>MG995-1</Uid>
</InstancePath>
<Position>0.024249999999999994 0.030299999999999994 0.0050000000000001155</Position>
<Axis>-2.2204460492503131e-16 1 0</Axis>
</ConstraintGeometry>
</Coincident>
<Concentric name="Concentric16">
<ConstraintGeometry geomType="cylinder">
<InstancePath>
<Uid>elpow-2</Uid>
</InstancePath>
<Position>0.016000000000000014 -0.058963000923327846 0.033306123311312663</Position>
<Axis>-1 1.3877787807814457e-16 1.1102230246251565e-16</Axis>
</ConstraintGeometry>
<ConstraintGeometry geomType="circle">
<InstancePath>
<Uid>MG995 Assembly-2</Uid>
<Uid>MG995-1</Uid>
</InstancePath>
<Position>-0.010199999999999987 0.039099999999999913 -1.1102230246251565e-16</Position>
<Axis>0 -1 0</Axis>
</ConstraintGeometry>
</Concentric>
<Parallel name="Parallel21">
<ConstraintGeometry geomType="plane">
<InstancePath>
<Uid>rotating base Part-1</Uid>
</InstancePath>
<Position>-0.012499999999999956 0 0</Position>
<Axis>-1.0000000000000002 0 -1.6653345369377348e-16</Axis>
</ConstraintGeometry>
<ConstraintGeometry geomType="plane">
<InstancePath>
<Uid>MG995 Assembly-2</Uid>
<Uid>MG995-1</Uid>
</InstancePath>
<Position>0.024249999999999883 0.030299999999999994 0.0049999999999998934</Position>
<Axis>0 1 0</Axis>
</ConstraintGeometry>
</Parallel>
<Parallel name="Parallel23">
<ConstraintGeometry geomType="plane">
<InstancePath>
<Uid>rotating base Part-1</Uid>
</InstancePath>
<Position>-0.012499999999999956 0.1006311934818237 -0.0075248604345146131</Position>
<Axis>-1.3877787807814457e-16 0.89442719099991541 -0.44721359549995882</Axis>
</ConstraintGeometry>
<ConstraintGeometry geomType="plane">
<InstancePath>
<Uid>MG995 Assembly-2</Uid>
<Uid>MG995-1</Uid>
</InstancePath>
<Position>-0.027249999999999996 0.030299999999999994 -0.0037500000000001421</Position>
<Axis>-1 0 0</Axis>
</ConstraintGeometry>
</Parallel>
<Coincident name="Coincident76">
<ConstraintGeometry geomType="plane">
<InstancePath>
<Uid>rotating base Part-1</Uid>
</InstancePath>
<Position>-0.012499999999999956 0 0</Position>
